,age,PPR
0,29.0,1.4072425434564195
1,28.0,1.7292637612542427
2,34.0,1.2581721507685009
3,27.0,0.6627706349686944
4,26.0,1.554324651580787
5,29.0,1.2447840035223818
6,34.0,1.3398221590559836
7,31.0,1.465905542498939
8,28.0,0.6936005299968819
9,28.0,0.9032312840979088
10,28.0,0.7377768320868074
11,29.0,1.016429565408728
12,35.0,1.8424857438976485
13,27.0,1.4128719398679823
14,28.0,1.05862689842094
15,28.0,2.12910903601839
16,25.0,1.4532896417137493
17,24.0,1.4413803258259799
18,24.0,1.0225518781572438
19,31.0,1.0041961495231284
20,28.0,1.1710454247681832
21,29.0,1.772934776682913
22,29.0,1.5629067333161355
23,27.0,1.0196817420978042
24,30.0,1.445925058087358
25,30.0,1.2963855600800798
26,34.0,0.9006413049076843
27,34.0,1.8215824897569908
28,35.0,1.4958232962390838
29,35.0,0.5976270753218959
30,30.0,1.8575291077981815
31,22.0,1.0121277900382644
32,22.0,0.9183249361379918
33,23.0,1.278860229051741
34,29.0,1.1197865915724474
35,30.0,1.9337543500293621
36,27.0,1.1834898206396083
37,26.0,1.9027809327930485
38,28.0,1.5720833647751133
39,30.0,1.4100925725225
40,25.0,1.3369484457825154
41,24.0,1.8833808840946424
42,23.0,1.862981230971464
43,29.0,1.8637271404993
44,22.0,1.0404739226902233
45,23.0,0.9518651579435116
46,25.0,1.0178188557877512
47,25.0,1.1203531866864882
48,26.0,1.1087704127355256
49,26.0,1.1704868406816729
50,27.0,0.9136792670331086
51,29.0,1.2865532032774676
52,29.0,1.8693629007144907
53,29.0,1.2166623467559887
54,26.0,1.7791937235575754
55,27.0,1.5021527993794541
56,30.0,1.2188427776636606
57,30.0,1.0544693129411464
58,30.0,1.5803019830885503
59,24.0,2.2489460501327962
60,27.0,1.124282774911476
61,27.0,1.5847614053338366
62,28.0,1.7311074471954329
63,23.0,1.215711875364466
64,23.0,0.90251239948707
65,30.0,1.9444181420930393
66,31.0,2.994429824981344
67,32.0,1.6608476957583689
68,32.0,1.6577248909166034
69,30.0,1.7402182336688228
70,32.0,1.9291964318024943
71,33.0,1.3056172820134182
72,33.0,1.6426138143552125
73,33.0,1.1407535707164398
74,26.0,1.2715270096342484
75,26.0,1.9997441995480811
76,27.0,1.4313086207417516
77,27.0,1.3199636558902148
78,29.0,1.9584403883862187
79,33.0,2.048408531559099
80,33.0,1.4232069477310372
81,33.0,1.0146079039146252
82,30.0,1.1915326010644447
83,30.0,2.567287141988234
84,31.0,1.2898758371652908
85,31.0,1.2642618514046853
86,32.0,1.8651116791758635
87,32.0,1.524758474627859
88,33.0,2.449719867115571
89,33.0,1.4428539787577603
90,33.0,2.32962314406308
91,33.0,1.6206386903827799
92,28.0,0.8942914903900829
93,28.0,0.5100111428976205
94,29.0,0.8643921328725519
95,23.0,1.3034746297361206
96,23.0,0.8688148024169611
97,23.0,1.2853298073202952
98,29.0,1.8637271404993
